Entrada 1:
Grau do vértice 3: Entrada -> 3, Saída -> 3
2 e 4 NÃO SÃO adjacentes
2 e 3 SÃO adjacentes
Adjacentes a 5: 2, 4, 6

Entrada 2:
Grau do vértice 4: Entrada -> 2, Saída -> 1
2 e 8 NÃO SÃO adjacentes
Adjacentes a 6: 7, 8, 1

Entrada 3:
Caminhos mínimos a partir de 1:
  1: Distância 0, Caminho: 1
  2: Distância 300, Caminho: 1 -> 2
  3: Distância 900, Caminho: 1 -> 2 -> 3
  4: Distância 1100, Caminho: 1 -> 2 -> 3 -> 4
  5: Distância 1200, Caminho: 1 -> 2 -> 3 -> 4 -> 5
  6: Distância 1900, Caminho: 1 -> 2 -> 3 -> 4 -> 5 -> 6
  7: Distância 2600, Caminho: 1 -> 18 -> 19 -> 20 -> 21 -> 22 -> 7
  8: Distância 2700, Caminho: 1 -> 18 -> 19 -> 20 -> 21 -> 22 -> 7 -> 8
  9: Distância 2800, Caminho: 1 -> 18 -> 19 -> 20 -> 21 -> 22 -> 7 -> 8 -> 9
  10: Distância 3800, Caminho: 1 -> 18 -> 19 -> 20 -> 21 -> 22 -> 7 -> 8 -> 9 -> 10
  11: Distância 4500, Caminho: 1 -> 18 -> 19 -> 20 -> 21 -> 22 -> 7 -> 8 -> 9 -> 10 -> 11
  12: Distância 2100, Caminho: 1 -> 2 -> 3 -> 4 -> 12
  13: Distância 2300, Caminho: 1 -> 2 -> 3 -> 4 -> 12 -> 13
  14: Distância 1200, Caminho: 1 -> 2 -> 14
  15: Distância 1300, Caminho: 1 -> 2 -> 14 -> 15
  16: Distância 4300, Caminho: 1 -> 18 -> 19 -> 20 -> 21 -> 22 -> 7 -> 8 -> 9 -> 10 -> 16
  17: Distância 2500, Caminho: 1 -> 2 -> 3 -> 4 -> 12 -> 17
  18: Distância 100, Caminho: 1 -> 18
  19: Distância 900, Caminho: 1 -> 18 -> 19
  20: Distância 1100, Caminho: 1 -> 18 -> 19 -> 20
  21: Distância 1500, Caminho: 1 -> 18 -> 19 -> 20 -> 21
  22: Distância 1800, Caminho: 1 -> 18 -> 19 -> 20 -> 21 -> 22

Matriz de distâncias mínimas (Floyd-Warshall):
   1    2     3     4     5     6     7     8     9     10    11    12    13    14    15    16    17    18    19    20    21    22
1  0    300   900   1100  1200  1900  2600  2700  2800  3800  4500  2100  2300  1200  1300  4300  2500  100   900   1100  1500  1800 
2  400  0     600   800   900   1600  2300  2400  2500  3500  4200  1800  2000  900   1000  4000  2200  500   1300  900   1300  1600 
3  1400 1000  0     200   300   1000  1700  1800  1900  2900  3600  1200  1400  1900  2000  3400  1600  1500  2300  300   700   1000 
4  1900 1500  500   0     100   800   1500  1600  1700  2700  3400  1000  1200  1800  1900  3200  1400  2000  2800  800   1200  1000 
5  2000 1600  600   100   0     700   1400  1500  1600  2600  3300  1100  1300  1900  2000  3100  1500  2100  2900  900   1300  900 
6  3000 2600  1600  1100  1000  0     700   800   900   1900  2600  2100  2300  2900  3000  2400  2500  3100  3900  1900  2300  1900 
7  3700 3400  2400  1900  1800  800   0     100   200   1200  1900  2700  2900  2900  3000  1700  2500  3800  4600  2700  3100  2700 
8  3600 3300  2300  1800  1700  700   1400  0     100   1100  1800  2600  2800  2800  2900  1600  2400  3700  4500  2600  3000  2600 
9  3500 3400  2400  1900  1800  800   1500  1600  0     1000  1700  2500  2700  2700  2800  1500  2300  3600  4400  2700  3100  2700 
10 2500 2800  2100  1600  1500  2200  2900  3000  3100  0     700   1500  1700  1700  1800  500   1300  2600  3400  2400  2800  2400 
11 2400 2400  1400  900   800   1500  2200  2300  2400  3400  0     800   1000  1600  1700  3900  1200  2500  3300  1700  2100  1700 
12 1600 1900  1200  1400  1500  2200  2900  3000  3100  4100  4800  0     200   800   900   4600  400   1700  2500  1500  1900  2200 
13 1600 1900  1000  1200  1300  2000  2700  2800  2900  3900  4600  2200  0     800   900   4400  2600  1700  2500  1300  1700  2000 
14 800  1100  1700  1900  2000  2700  3400  3500  3600  4600  5300  2900  3100  0     100   5100  3300  900   1700  1900  2300  2600 
15 700  1000  1600  1800  1900  2600  3300  3400  3500  4500  5200  2800  3000  1900  0     5000  3200  800   1600  1800  2200  2500 
16 2000 2300  2900  3100  3200  3900  4600  4700  4800  5800  6500  4100  4300  1200  1300  0     800   2100  2900  3100  3500  3800 
17 1200 1500  2100  2300  2400  3100  3800  3900  4000  5000  5700  3300  3500  400   500   5500  0     1300  2100  2300  2700  3000 
18 1300 900   1500  1700  1800  2500  2500  2600  2700  3700  4400  2700  2900  1800  1900  4200  3100  0     800   1000  1400  1700 
19 500  100   700   900   1000  1700  1700  1800  1900  2900  3600  1900  2100  1000  1100  3400  2300  600   0     200   600   900 
20 2600 2200  1200  700   800   1500  1500  1600  1700  2700  3400  1700  1900  2500  2600  3200  2100  2700  3500  0     400   700 
21 2200 1800  800   300   400   1100  1100  1200  1300  2300  3000  1300  1500  2100  2200  2800  1700  2300  3100  1100  0     300 
22 4500 4200  3200  2700  2600  1600  800   900   1000  2000  2700  3500  3700  3700  3800  2500  3300  4600  5400  3500  3900  0 